{
    Amount:10.00000
    Id:0
    Time:1444967000.00000
    UserId:1
}
